%YAML:1.0
camera_name: RB5_1
image_width: 640
image_height: 400
distortion_model: fisheye
camera_matrix:
   rows: 3
   cols: 3
   data: [ 2.8908463524483227e+02, 0., 3.1531472004865907e+02, 0.,
       2.9030557557949908e+02, 1.9552854772943090e+02, 0., 0., 1. ]
distortion_coefficients:
   rows: 4
   cols: 1
   data: [ -1.4258037877956082e-02, 3.2936372702756955e-02,
       -3.6733607441612831e-02, 1.6195159884875569e-02 ]
rectification_matrix:
   rows: 3
   cols: 3
   data: [ 1., 0., 0., 0., 1., 0., 0., 0., 1. ]
projection_matrix:
   rows: 3
   cols: 4
   data: [ 2.4343969283775348e+02, 0., 3.0147368421052630e+02, 0., 0.,
       2.4343969283775348e+02, 1.9368421052631578e+02, 0., 0., 0., 1.,
       0. ]
project_image_width: 640
project_image_height: 400
